4, 20, , , , ,
id, posx, posy, 1, 2, 3, 4
1, 5, 86
2, 44, 99
3, 77, 48
4, 68, 74
5, 99, 43, 0, 1, 0, 0
6, 38, 27, 1, 1, 1, 0
7, 75, 55, 1, 1, 1, 0
8, 23, 89, 1, 1, 1, 1
9, 1, 45, 0, 0, 1, 0
10, 40, 45, 0, 1, 1, 1
11, 54, 83, 0, 0, 1, 0
12, 20, 83, 1, 0, 0, 0
13, 3, 42, 1, 1, 1, 0
14, 37, 78, 1, 0, 1, 0
15, 58, 47, 0, 0, 0, 0
16, 83, 35, 1, 1, 1, 1
17, 80, 68, 1, 0, 0, 0
18, 11, 65, 0, 1, 0, 1
19, 100, 97, 1, 1, 0, 0
20, 14, 55, 0, 0, 1, 0
21, 83, 57, 1, 0, 1, 0
22, 75, 69, 0, 1, 1, 1
23, 12, 30, 0, 1, 1, 0
24, 67, 67, 0, 0, 1, 0
25, 39, 72
